version 1
nodes
  0 "Кость01" -1
end
skeleton
time 0
  0 -0.826600 0.000000 -2.051506 1.570796 -1.570796 0.000000
end
triangles
KycTuk_lictva01.bmp
  0 -20.726601 2.600008 -8.191499 -0.850228 0.101603 -0.516517 0.496094 0.003906
  0 -24.116589 18.660009 6.898499 -0.854653 0.248487 -0.455875 0.000000 0.996094
  0 -12.986600 8.640004 -10.201502 -0.561692 0.500892 -0.658490 0.000000 0.003906
KycTuk_lictva01.bmp
  0 -20.726601 2.600008 -8.191499 -0.850228 0.101603 -0.516517 0.496094 0.003906
  0 -27.396589 9.860011 11.488502 -0.948537 -0.012700 -0.316412 0.496094 0.996094
  0 -24.116589 18.660009 6.898499 -0.854653 0.248487 -0.455875 0.000000 0.996094
KycTuk_lictva01.bmp
  0 -20.726601 2.600008 -8.191499 -0.850228 0.101603 -0.516517 0.496094 0.003906
  0 -27.766590 0.700012 17.388502 -0.928570 -0.250592 -0.273791 0.992188 0.996094
  0 -27.396589 9.860011 11.488502 -0.948537 -0.012700 -0.316412 0.496094 0.996094
KycTuk_lictva01.bmp
  0 -20.726601 2.600008 -8.191499 -0.850228 0.101603 -0.516517 0.496094 0.003906
  0 -18.176601 -6.409992 -0.391499 -0.841988 -0.469193 -0.266296 0.992188 0.003906
  0 -27.766590 0.700012 17.388502 -0.928570 -0.250592 -0.273791 0.992188 0.996094
KycTuk_lictva01.bmp
  0 15.153400 9.739992 -5.861513 -0.637214 0.644615 -0.422410 0.000000 0.003906
  0 3.943411 21.269999 7.468490 -0.338004 -0.916910 0.212202 0.000000 0.996094
  0 9.933397 6.649994 -13.381510 -0.723527 -0.536220 -0.434716 0.496094 0.003906
KycTuk_lictva01.bmp
  0 9.933397 6.649994 -13.381510 -0.723527 -0.536220 -0.434716 0.496094 0.003906
  0 3.943411 21.269999 7.468490 -0.338004 -0.916910 0.212202 0.000000 0.996094
  0 15.153400 9.739992 -5.861513 -0.637214 0.644615 -0.422410 0.000000 0.003906
KycTuk_lictva01.bmp
  0 1.693394 -0.150002 -16.791506 -0.064700 0.875701 0.478500 0.992188 0.003906
  0 9.933397 6.649994 -13.381510 -0.113403 -0.894421 0.432610 0.496094 0.003906
  0 -10.506598 13.470003 -7.911504 -0.338004 -0.916910 0.212202 0.992188 0.996094
KycTuk_lictva01.bmp
  0 -10.506598 13.470003 -7.911504 -0.338004 -0.916910 0.212202 0.992188 0.996094
  0 9.933397 6.649994 -13.381510 -0.113403 -0.894421 0.432610 0.496094 0.003906
  0 1.693394 -0.150002 -16.791506 -0.064700 0.875701 0.478500 0.992188 0.003906
KycTuk_lictva01.bmp
  0 -2.516591 24.290001 -0.331508 0.604194 -0.561195 0.565694 0.992188 0.996094
  0 -2.846604 8.059999 -19.231506 0.859694 -0.394497 -0.324498 0.496094 0.003906
  0 -10.446600 8.720003 -10.501503 -0.230092 -0.766371 -0.599777 0.992188 0.003906
KycTuk_lictva01.bmp
  0 -10.446600 8.720003 -10.501503 -0.230092 -0.766371 -0.599777 0.992188 0.003906
  0 -2.846604 8.059999 -19.231506 0.859694 -0.394497 -0.324498 0.496094 0.003906
  0 -2.516591 24.290001 -0.331508 0.604194 -0.561195 0.565694 0.992188 0.996094
KycTuk_lictva01.bmp
  0 14.783403 17.659992 -6.911514 -0.088801 -0.578109 0.811113 0.000000 0.996094
  0 -2.846604 8.059999 -19.231506 0.570826 -0.486622 0.661330 0.496094 0.003906
  0 5.443395 1.819996 -15.611508 0.658996 -0.627496 -0.414697 0.000000 0.003906
KycTuk_lictva01.bmp
  0 5.443395 1.819996 -15.611508 0.658996 -0.627496 -0.414697 0.000000 0.003906
  0 -2.846604 8.059999 -19.231506 0.570826 -0.486622 0.661330 0.496094 0.003906
  0 14.783403 17.659992 -6.911514 -0.088801 -0.578109 0.811113 0.000000 0.996094
KycTuk_lictva01.bmp
  0 -21.056601 1.640008 -7.961498 -0.626616 -0.690618 -0.361109 0.496094 0.003906
  0 -31.646589 0.960014 18.768503 -0.951522 -0.288107 -0.107702 0.992188 0.996094
  0 -17.246595 5.920007 2.938498 -0.788054 -0.600465 0.135692 0.992188 0.003906
KycTuk_lictva01.bmp
  0 -17.246595 5.920007 2.938498 -0.788054 -0.600465 0.135692 0.992188 0.003906
  0 -31.646589 0.960014 18.768503 -0.951522 -0.288107 -0.107702 0.992188 0.996094
  0 -21.056601 1.640008 -7.961498 -0.626616 -0.690618 -0.361109 0.496094 0.003906
KycTuk_lictva01.bmp
  0 -34.896595 -5.229985 8.198506 0.778034 -0.595027 -0.201509 0.496094 0.996094
  0 -21.056601 1.640008 -7.961498 0.801690 -0.529894 -0.276597 0.496094 0.003906
  0 -35.216602 -15.669985 0.318508 0.271801 0.032600 0.961801 0.000000 0.996094
KycTuk_lictva01.bmp
  0 -35.216602 -15.669985 0.318508 0.271801 0.032600 0.961801 0.000000 0.996094
  0 -21.056601 1.640008 -7.961498 0.801690 -0.529894 -0.276597 0.496094 0.003906
  0 -34.896595 -5.229985 8.198506 0.778034 -0.595027 -0.201509 0.496094 0.996094
KycTuk_lictva01.bmp
  0 -21.716587 32.070007 -2.671502 0.652572 -0.741768 -0.154693 0.496094 0.996094
  0 -9.046598 20.920002 -15.911505 0.407500 0.780799 -0.473600 0.496094 0.003906
  0 -23.866587 24.220009 5.908499 0.769303 0.042000 0.637502 0.000000 0.996094
KycTuk_lictva01.bmp
  0 -23.866587 24.220009 5.908499 0.769303 0.042000 0.637502 0.000000 0.996094
  0 -9.046598 20.920002 -15.911505 0.407500 0.780799 -0.473600 0.496094 0.003906
  0 -21.716587 32.070007 -2.671502 0.652572 -0.741768 -0.154693 0.496094 0.996094
KycTuk_lictva01.bmp
  0 -9.046598 20.920002 -15.911505 0.341596 -0.540194 -0.769092 0.496094 0.003906
  0 -16.116587 40.370003 -4.801505 0.775273 -0.430185 -0.462484 0.992188 0.996094
  0 -2.886595 28.919998 -15.571508 -0.363287 -0.371586 -0.854369 0.992188 0.003906
KycTuk_lictva01.bmp
  0 -2.886595 28.919998 -15.571508 -0.363287 -0.371586 -0.854369 0.992188 0.003906
  0 -16.116587 40.370003 -4.801505 0.775273 -0.430185 -0.462484 0.992188 0.996094
  0 -9.046598 20.920002 -15.911505 0.341596 -0.540194 -0.769092 0.496094 0.003906
KycTuk_lictva01.bmp
  0 3.133393 -19.730000 -1.061505 0.077699 -0.968691 -0.235798 0.496094 0.003906
  0 5.743397 -35.470001 22.208494 -0.007900 -0.981888 0.189298 0.992188 0.996094
  0 -4.426606 -23.659996 3.878498 -0.038401 -0.432909 0.900619 0.992188 0.003906
KycTuk_lictva01.bmp
  0 -4.426606 -23.659996 3.878498 -0.038401 -0.432909 0.900619 0.992188 0.003906
  0 5.743397 -35.470001 22.208494 -0.007900 -0.981888 0.189298 0.992188 0.996094
  0 3.133393 -19.730000 -1.061505 0.077699 -0.968691 -0.235798 0.496094 0.003906
KycTuk_lictva01.bmp
  0 13.483397 -30.360004 19.458492 0.036100 -0.948802 0.313801 0.496094 0.996094
  0 3.133393 -19.730000 -1.061505 0.776650 -0.386575 -0.497368 0.496094 0.003906
  0 19.593401 -22.420006 23.128489 0.955369 -0.193994 -0.222793 0.000000 0.996094
KycTuk_lictva01.bmp
  0 19.593401 -22.420006 23.128489 0.955369 -0.193994 -0.222793 0.000000 0.996094
  0 3.133393 -19.730000 -1.061505 0.776650 -0.386575 -0.497368 0.496094 0.003906
  0 13.483397 -30.360004 19.458492 0.036100 -0.948802 0.313801 0.496094 0.996094
KycTuk_lictva01.bmp
  0 -12.676600 -11.469995 7.188499 -0.007300 0.997246 0.073803 0.992188 0.996094
  0 -15.776603 -6.589993 -5.031500 0.202110 0.955447 0.215110 0.496094 0.996094
  0 0.623393 -8.710001 -11.791505 -0.291606 -0.956521 0.005800 0.496094 0.003906
KycTuk_lictva01.bmp
  0 0.623393 -8.710001 -11.791505 -0.291606 -0.956521 0.005800 0.496094 0.003906
  0 -15.776603 -6.589993 -5.031500 0.202110 0.955447 0.215110 0.496094 0.996094
  0 -12.676600 -11.469995 7.188499 -0.007300 0.997246 0.073803 0.992188 0.996094
KycTuk_lictva01.bmp
  0 0.623393 -8.710001 -11.791505 -0.621498 0.273299 0.734198 0.496094 0.003906
  0 -16.706602 2.660006 -11.471500 0.122800 0.318600 0.939901 0.000000 0.996094
  0 0.883395 1.959998 -14.821507 -0.793026 -0.315510 0.521117 0.000000 0.003906
KycTuk_lictva01.bmp
  0 0.883395 1.959998 -14.821507 -0.793026 -0.315510 0.521117 0.000000 0.003906
  0 -16.706602 2.660006 -11.471500 0.122800 0.318600 0.939901 0.000000 0.996094
  0 0.623393 -8.710001 -11.791505 -0.621498 0.273299 0.734198 0.496094 0.003906
KycTuk_lictva01.bmp
  0 20.813400 -17.970005 20.018486 0.969511 -0.019100 -0.244303 0.496094 0.996094
  0 18.623396 -25.970005 11.978489 0.933229 -0.077103 -0.350911 0.000000 0.996094
  0 16.503399 -6.340007 2.028488 0.844522 -0.166704 -0.508913 0.496094 0.003906
KycTuk_lictva01.bmp
  0 16.503399 -6.340007 2.028488 0.844522 -0.166704 -0.508913 0.496094 0.003906
  0 18.623396 -25.970005 11.978489 0.933229 -0.077103 -0.350911 0.000000 0.996094
  0 9.443394 -12.390004 -4.991508 0.775480 -0.216795 -0.592985 0.000000 0.003906
KycTuk_lictva01.bmp
  0 16.503399 -6.340007 2.028488 0.476685 0.878871 0.018899 0.496094 0.003906
  0 19.933409 -10.060007 28.008486 -0.922608 -0.380803 0.061501 0.992188 0.996094
  0 12.533404 0.849995 10.308488 -0.776694 -0.628395 0.043200 0.992188 0.003906
KycTuk_lictva01.bmp
  0 12.533404 0.849995 10.308488 -0.776694 -0.628395 0.043200 0.992188 0.003906
  0 19.933409 -10.060007 28.008486 -0.922608 -0.380803 0.061501 0.992188 0.996094
  0 16.503399 -6.340007 2.028488 0.476685 0.878871 0.018899 0.496094 0.003906
KycTuk_lictva01.bmp
  0 17.103401 12.569991 -7.741514 -0.127202 0.943915 0.304705 0.496094 0.003906
  0 36.643398 6.989983 -9.341519 -0.286387 0.864061 0.413981 0.000000 0.996094
  0 33.603405 12.119985 1.508480 -0.247310 -0.383215 0.889935 0.496094 0.996094
KycTuk_lictva01.bmp
  0 33.603405 12.119985 1.508480 -0.247310 -0.383215 0.889935 0.496094 0.996094
  0 36.643398 6.989983 -9.341519 -0.286387 0.864061 0.413981 0.000000 0.996094
  0 17.103401 12.569991 -7.741514 -0.127202 0.943915 0.304705 0.496094 0.003906
KycTuk_lictva01.bmp
  0 12.843407 11.539994 4.738487 -0.037798 0.981862 -0.185793 0.992188 0.003906
  0 29.643410 14.299988 13.168481 0.184502 -0.981212 -0.056401 0.992188 0.996094
  0 17.103401 12.569991 -7.741514 0.161995 0.970069 -0.180894 0.496094 0.003906
KycTuk_lictva01.bmp
  0 17.103401 12.569991 -7.741514 0.161995 0.970069 -0.180894 0.496094 0.003906
  0 29.643410 14.299988 13.168481 0.184502 -0.981212 -0.056401 0.992188 0.996094
  0 12.843407 11.539994 4.738487 -0.037798 0.981862 -0.185793 0.992188 0.003906
KycTuk_lictva01.bmp
  0 16.693399 -6.550007 3.358488 -0.636086 0.735884 0.232095 0.496094 0.003906
  0 32.143406 -12.240011 23.508482 -0.807008 0.327803 -0.491205 0.992188 0.996094
  0 20.173395 -15.510008 1.438488 0.874817 -0.484209 -0.015400 0.992188 0.003906
KycTuk_lictva01.bmp
  0 20.173395 -15.510008 1.438488 0.874817 -0.484209 -0.015400 0.992188 0.003906
  0 32.143406 -12.240011 23.508482 -0.807008 0.327803 -0.491205 0.992188 0.996094
  0 16.693399 -6.550007 3.358488 -0.636086 0.735884 0.232095 0.496094 0.003906
KycTuk_lictva01.bmp
  0 27.533409 -4.060010 27.188482 0.373900 -0.850600 -0.369700 0.496094 0.996094
  0 16.693399 -6.550007 3.358488 0.673101 -0.699901 -0.238900 0.496094 0.003906
  0 20.113415 -0.160007 34.478481 0.216110 0.828739 -0.516225 0.000000 0.996094
KycTuk_lictva01.bmp
  0 20.113415 -0.160007 34.478481 0.216110 0.828739 -0.516225 0.000000 0.996094
  0 16.693399 -6.550007 3.358488 0.673101 -0.699901 -0.238900 0.496094 0.003906
  0 27.533409 -4.060010 27.188482 0.373900 -0.850600 -0.369700 0.496094 0.996094
KycTuk_lictva01.bmp
  0 -4.226603 11.370000 -17.921505 -0.765799 -0.360699 -0.532399 0.496094 0.003906
  0 -23.396597 9.810009 -5.391499 -0.473176 0.215689 -0.854156 0.000000 0.996094
  0 -7.126598 17.530003 -12.421505 0.351914 -0.773431 -0.527221 0.000000 0.003906
KycTuk_lictva01.bmp
  0 -7.126598 17.530003 -12.421505 0.351914 -0.773431 -0.527221 0.000000 0.003906
  0 -23.396597 9.810009 -5.391499 -0.473176 0.215689 -0.854156 0.000000 0.996094
  0 -4.226603 11.370000 -17.921505 -0.765799 -0.360699 -0.532399 0.496094 0.003906
KycTuk_lictva01.bmp
  0 -20.926603 1.920008 -12.201498 0.414078 -0.193890 0.889352 0.496094 0.996094
  0 -17.146606 -6.909994 -15.891499 0.314892 -0.117897 0.941777 0.992188 0.996094
  0 -4.226603 11.370000 -17.921505 0.188995 -0.024499 0.981672 0.496094 0.003906
KycTuk_lictva01.bmp
  0 -4.226603 11.370000 -17.921505 0.188995 -0.024499 0.981672 0.496094 0.003906
  0 -17.146606 -6.909994 -15.891499 0.314892 -0.117897 0.941777 0.992188 0.996094
  0 0.333394 1.399998 -17.761505 0.081298 0.053198 0.995269 0.992188 0.003906
KycTuk_lictva01.bmp
  0 16.183388 -16.120008 -13.621510 -0.910374 -0.156895 -0.382889 0.496094 0.003906
  0 30.843388 -30.560011 -0.621514 0.405298 0.545097 -0.733896 0.992188 0.996094
  0 13.123386 -25.540007 -10.651508 -0.458615 0.026901 -0.888228 0.992188 0.003906
KycTuk_lictva01.bmp
  0 13.123386 -25.540007 -10.651508 -0.458615 0.026901 -0.888228 0.992188 0.003906
  0 30.843388 -30.560011 -0.621514 0.405298 0.545097 -0.733896 0.992188 0.996094
  0 16.183388 -16.120008 -13.621510 -0.910374 -0.156895 -0.382889 0.496094 0.003906
KycTuk_lictva01.bmp
  0 33.653389 -20.710012 -1.141516 0.539685 0.336990 0.771478 0.496094 0.996094
  0 16.183388 -16.120008 -13.621510 -0.791998 0.434099 -0.429299 0.496094 0.003906
  0 34.383396 -11.540013 5.378482 -0.777812 0.411207 -0.475307 0.000000 0.996094
KycTuk_lictva01.bmp
  0 34.383396 -11.540013 5.378482 -0.777812 0.411207 -0.475307 0.000000 0.996094
  0 16.183388 -16.120008 -13.621510 -0.791998 0.434099 -0.429299 0.496094 0.003906
  0 33.653389 -20.710012 -1.141516 0.539685 0.336990 0.771478 0.496094 0.996094
KycTuk_lictva01.bmp
  0 -0.896599 -6.639999 7.108494 0.878588 0.433594 -0.200197 0.496094 0.003906
  0 -1.296590 -13.949997 33.658493 -0.986556 0.058498 -0.152593 0.992188 0.996094
  0 2.473408 -0.930000 17.828491 -0.985054 0.073004 0.156009 0.992188 0.003906
KycTuk_lictva01.bmp
  0 2.473408 -0.930000 17.828491 -0.985054 0.073004 0.156009 0.992188 0.003906
  0 -1.296590 -13.949997 33.658493 -0.986556 0.058498 -0.152593 0.992188 0.996094
  0 -0.896599 -6.639999 7.108494 0.878588 0.433594 -0.200197 0.496094 0.003906
KycTuk_lictva01.bmp
  0 5.413395 -13.280002 -0.811507 -0.844301 -0.220500 -0.488401 0.000000 0.003906
  0 0.863397 -27.449999 13.448496 -0.921933 -0.182406 -0.341712 0.000000 0.996094
  0 -0.896599 -6.639999 7.108494 -0.885038 -0.202809 -0.419018 0.496094 0.003906
KycTuk_lictva01.bmp
  0 -0.896599 -6.639999 7.108494 -0.885038 -0.202809 -0.419018 0.496094 0.003906
  0 0.863397 -27.449999 13.448496 -0.921933 -0.182406 -0.341712 0.000000 0.996094
  0 -2.986597 -20.449997 22.838495 -0.949365 -0.162494 -0.268890 0.496094 0.996094
KycTuk_lictva01.bmp
  0 -5.996602 4.080001 -11.001504 -0.113005 -0.500824 0.858141 0.000000 0.003906
  0 -15.846601 2.240006 -9.551500 -0.142594 -0.898863 -0.414383 0.496094 0.003906
  0 -8.866590 19.050001 3.108494 0.207209 -0.759334 -0.616828 0.000000 0.996094
KycTuk_lictva01.bmp
  0 -8.866590 19.050001 3.108494 0.207209 -0.759334 -0.616828 0.000000 0.996094
  0 -15.846601 2.240006 -9.551500 -0.142594 -0.898863 -0.414383 0.496094 0.003906
  0 -5.996602 4.080001 -11.001504 -0.113005 -0.500824 0.858141 0.000000 0.003906
KycTuk_lictva01.bmp
  0 -18.286598 -4.849992 1.148501 0.983266 0.024699 -0.180494 0.992188 0.003906
  0 -15.846601 2.240006 -9.551500 -0.992931 -0.015300 -0.117704 0.496094 0.003906
  0 -21.416588 8.560010 16.948500 0.992977 0.016899 -0.117097 0.992188 0.996094
KycTuk_lictva01.bmp
  0 -21.416588 8.560010 16.948500 0.992977 0.016899 -0.117097 0.992188 0.996094
  0 -15.846601 2.240006 -9.551500 -0.992931 -0.015300 -0.117704 0.496094 0.003906
  0 -18.286598 -4.849992 1.148501 0.983266 0.024699 -0.180494 0.992188 0.003906
KycTuk_lictva01.bmp
  0 26.873400 9.399987 -9.281517 0.130202 -0.932312 -0.337404 0.992188 0.003906
  0 34.593407 22.209984 8.908478 0.041600 -0.996500 0.072500 0.992188 0.996094
  0 17.763401 13.119991 -7.821514 -0.056403 -0.929447 -0.364618 0.496094 0.003906
KycTuk_lictva01.bmp
  0 17.763401 13.119991 -7.821514 -0.056403 -0.929447 -0.364618 0.496094 0.003906
  0 34.593407 22.209984 8.908478 0.041600 -0.996500 0.072500 0.992188 0.996094
  0 26.873400 9.399987 -9.281517 0.130202 -0.932312 -0.337404 0.992188 0.003906
KycTuk_lictva01.bmp
  0 25.403414 24.809988 12.418481 -0.777812 0.411207 -0.475307 0.496094 0.996094
  0 17.763401 13.119991 -7.821514 0.471529 -0.832552 0.290718 0.496094 0.003906
  0 17.713417 22.919992 20.568483 0.619090 -0.449593 -0.643890 0.000000 0.996094
KycTuk_lictva01.bmp
  0 17.713417 22.919992 20.568483 0.619090 -0.449593 -0.643890 0.000000 0.996094
  0 17.763401 13.119991 -7.821514 0.471529 -0.832552 0.290718 0.496094 0.003906
  0 25.403414 24.809988 12.418481 -0.777812 0.411207 -0.475307 0.496094 0.996094
KycTuk_lictva01.bmp
  0 8.713400 -9.900002 6.718492 0.879936 -0.465619 0.094404 0.992188 0.003906
  0 8.853410 -8.550002 30.258492 -0.240788 0.970551 -0.007200 0.992188 0.996094
  0 -0.986599 -7.509999 7.458495 0.110805 0.992240 -0.056402 0.496094 0.003906
KycTuk_lictva01.bmp
  0 -0.986599 -7.509999 7.458495 0.110805 0.992240 -0.056402 0.496094 0.003906
  0 8.853410 -8.550002 30.258492 -0.240788 0.970551 -0.007200 0.992188 0.996094
  0 8.713400 -9.900002 6.718492 0.879936 -0.465619 0.094404 0.992188 0.003906
KycTuk_lictva01.bmp
  0 -0.286589 -6.929998 30.068491 -0.903118 -0.427608 0.039101 0.496094 0.996094
  0 -5.446586 3.820004 28.348494 -0.923987 -0.382294 0.010000 0.000000 0.996094
  0 -0.986599 -7.509999 7.458495 -0.954157 -0.296187 -0.043098 0.496094 0.003906
KycTuk_lictva01.bmp
  0 -0.986599 -7.509999 7.458495 -0.954157 -0.296187 -0.043098 0.496094 0.003906
  0 -5.446586 3.820004 28.348494 -0.923987 -0.382294 0.010000 0.000000 0.996094
  0 -3.046597 1.840001 2.708494 -0.965795 -0.249398 -0.070999 0.000000 0.003906
KycTuk_lictva01.bmp
  0 8.233391 -9.010004 -16.391508 0.132798 0.567793 0.812389 0.496094 0.003906
  0 27.493395 0.279988 -8.151516 0.549497 -0.500897 -0.668696 0.000000 0.996094
  0 13.813392 -13.090006 -10.481509 -0.720679 -0.654881 -0.227493 0.000000 0.003906
KycTuk_lictva01.bmp
  0 13.813392 -13.090006 -10.481509 -0.720679 -0.654881 -0.227493 0.000000 0.003906
  0 27.493395 0.279988 -8.151516 0.549497 -0.500897 -0.668696 0.000000 0.996094
  0 8.233391 -9.010004 -16.391508 0.132798 0.567793 0.812389 0.496094 0.003906
KycTuk_lictva01.bmp
  0 0.723393 -1.130001 -17.181505 0.061502 0.157305 0.985633 0.992188 0.003906
  0 8.233391 -9.010004 -16.391508 -0.065501 0.193502 0.978911 0.496094 0.003906
  0 14.563396 12.499991 -20.221512 -0.213891 0.231790 0.948959 0.992188 0.996094
KycTuk_lictva01.bmp
  0 14.563396 12.499991 -20.221512 -0.213891 0.231790 0.948959 0.992188 0.996094
  0 8.233391 -9.010004 -16.391508 -0.065501 0.193502 0.978911 0.496094 0.003906
  0 21.553394 5.949989 -15.751513 -0.335710 0.259808 0.905427 0.496094 0.996094
KycTuk_lictva01.bmp
  0 -7.036609 -9.679998 -16.861502 -0.309510 0.895930 -0.318611 0.496094 0.003906
  0 0.393393 -26.109999 2.968496 -0.679881 -0.329391 0.655182 0.000000 0.996094
  0 -10.536606 -11.679996 -7.681501 0.872415 -0.411907 -0.263105 0.000000 0.003906
KycTuk_lictva01.bmp
  0 -10.536606 -11.679996 -7.681501 0.872415 -0.411907 -0.263105 0.000000 0.003906
  0 0.393393 -26.109999 2.968496 -0.679881 -0.329391 0.655182 0.000000 0.996094
  0 -7.036609 -9.679998 -16.861502 -0.309510 0.895930 -0.318611 0.496094 0.003906
KycTuk_lictva01.bmp
  0 11.533385 -21.660004 -16.971506 0.652104 0.696504 0.299402 0.992188 0.996094
  0 -7.036609 -9.679998 -16.861502 0.394904 0.897110 -0.198102 0.496094 0.003906
  0 5.103388 -24.680002 -8.011505 0.968300 -0.075200 0.238200 0.496094 0.996094
KycTuk_lictva01.bmp
  0 5.103388 -24.680002 -8.011505 0.968300 -0.075200 0.238200 0.496094 0.996094
  0 -7.036609 -9.679998 -16.861502 0.394904 0.897110 -0.198102 0.496094 0.003906
  0 11.533385 -21.660004 -16.971506 0.652104 0.696504 0.299402 0.992188 0.996094
KycTuk_lictva01.bmp
  0 -12.246612 -19.889994 -13.751499 -0.791608 -0.239102 -0.562305 0.496094 0.003906
  0 -22.466612 -37.789989 -0.591494 -0.420677 -0.511071 -0.749558 0.992188 0.996094
  0 -20.876608 -18.769991 -9.641497 -0.020100 0.226194 -0.973875 0.992188 0.003906
KycTuk_lictva01.bmp
  0 -20.876608 -18.769991 -9.641497 -0.020100 0.226194 -0.973875 0.992188 0.003906
  0 -22.466612 -37.789989 -0.591494 -0.420677 -0.511071 -0.749558 0.992188 0.996094
  0 -12.246612 -19.889994 -13.751499 -0.791608 -0.239102 -0.562305 0.496094 0.003906
KycTuk_lictva01.bmp
  0 -13.146613 -38.749992 -2.091497 0.405298 0.545097 -0.733896 0.496094 0.996094
  0 -12.246612 -19.889994 -13.751499 0.425182 -0.139694 -0.894263 0.496094 0.003906
  0 -3.756611 -38.269997 4.118499 -0.935115 0.027101 -0.353306 0.000000 0.996094
KycTuk_lictva01.bmp
  0 -3.756611 -38.269997 4.118499 -0.935115 0.027101 -0.353306 0.000000 0.996094
  0 -12.246612 -19.889994 -13.751499 0.425182 -0.139694 -0.894263 0.496094 0.003906
  0 -13.146613 -38.749992 -2.091497 0.405298 0.545097 -0.733896 0.496094 0.996094
KycTuk_lictva01.bmp
  0 -8.746598 20.130001 -15.561505 -0.034000 -0.053100 0.998010 0.496094 0.003906
  0 1.983408 37.949997 -14.561511 0.156997 0.140997 -0.977482 0.000000 0.996094
  0 0.963399 17.889997 -18.211508 0.516910 0.374007 -0.770015 0.000000 0.003906
KycTuk_lictva01.bmp
  0 0.963399 17.889997 -18.211508 0.516910 0.374007 -0.770015 0.000000 0.003906
  0 1.983408 37.949997 -14.561511 0.156997 0.140997 -0.977482 0.000000 0.996094
  0 -8.746598 20.130001 -15.561505 -0.034000 -0.053100 0.998010 0.496094 0.003906
KycTuk_lictva01.bmp
  0 -11.616594 16.010004 -3.341504 0.975815 -0.092202 0.198203 0.992188 0.003906
  0 -8.746598 20.130001 -15.561505 0.945796 -0.188999 0.264099 0.496094 0.003906
  0 -11.256585 33.560005 3.028493 0.916470 -0.255392 0.307990 0.992188 0.996094
KycTuk_lictva01.bmp
  0 -11.256585 33.560005 3.028493 0.916470 -0.255392 0.307990 0.992188 0.996094
  0 -8.746598 20.130001 -15.561505 0.945796 -0.188999 0.264099 0.496094 0.003906
  0 -5.736588 36.570000 -6.851509 0.858091 -0.354396 0.371596 0.496094 0.996094
KycTuk_lictva01.bmp
  0 5.503388 -16.810001 -14.491505 0.037802 0.464923 -0.884544 0.000000 0.003906
  0 11.703384 -35.410004 -7.081506 0.164500 0.903702 0.395301 0.000000 0.996094
  0 15.693389 -15.430007 -13.371510 0.092897 0.709478 0.698578 0.496094 0.003906
KycTuk_lictva01.bmp
  0 15.693389 -15.430007 -13.371510 0.092897 0.709478 0.698578 0.496094 0.003906
  0 11.703384 -35.410004 -7.081506 0.164500 0.903702 0.395301 0.000000 0.996094
  0 5.503388 -16.810001 -14.491505 0.037802 0.464923 -0.884544 0.000000 0.003906
KycTuk_lictva01.bmp
  0 18.883394 -9.000008 -2.781512 -0.917545 -0.151307 0.367718 0.992188 0.003906
  0 15.693389 -15.430007 -13.371510 -0.909412 -0.043600 0.413605 0.496094 0.003906
  0 25.263393 -24.700010 6.688487 -0.892877 0.047499 0.447789 0.992188 0.996094
KycTuk_lictva01.bmp
  0 25.263393 -24.700010 6.688487 -0.892877 0.047499 0.447789 0.992188 0.996094
  0 15.693389 -15.430007 -13.371510 -0.909412 -0.043600 0.413605 0.496094 0.003906
  0 19.623388 -30.600006 -1.321510 -0.859110 0.163102 0.485106 0.496094 0.996094
KycTuk_lictva01.bmp
  0 -13.076612 -19.619995 -14.411498 -0.285499 0.142699 0.947696 0.496094 0.003906
  0 -29.986605 -17.119987 -2.931494 -0.350291 0.332392 -0.875678 0.000000 0.996094
  0 -14.636609 -9.589994 -15.411499 0.312906 0.011200 0.949718 0.000000 0.003906
KycTuk_lictva01.bmp
  0 -14.636609 -9.589994 -15.411499 0.312906 0.011200 0.949718 0.000000 0.003906
  0 -29.986605 -17.119987 -2.931494 -0.350291 0.332392 -0.875678 0.000000 0.996094
  0 -13.076612 -19.619995 -14.411498 -0.285499 0.142699 0.947696 0.496094 0.003906
KycTuk_lictva01.bmp
  0 -24.286604 -24.659988 2.008505 0.226296 0.877083 0.423692 0.496094 0.996094
  0 -17.116606 -29.879990 8.988503 0.095503 0.905430 0.413613 0.992188 0.996094
  0 -13.076612 -19.619995 -14.411498 -0.012700 0.916512 0.399805 0.496094 0.003906
KycTuk_lictva01.bmp
  0 -13.076612 -19.619995 -14.411498 -0.012700 0.916512 0.399805 0.496094 0.003906
  0 -17.116606 -29.879990 8.988503 0.095503 0.905430 0.413613 0.992188 0.996094
  0 -4.876609 -22.349998 -4.921502 -0.133493 0.915850 0.378679 0.992188 0.003906
KycTuk_lictva01.bmp
  0 -0.956603 -3.340000 -6.521505 -0.551095 -0.497395 -0.669994 0.496094 0.003906
  0 9.793398 -17.700003 10.598491 0.388105 0.917612 0.085801 0.000000 0.996094
  0 -2.326599 -4.309999 3.508495 -0.539585 0.094797 -0.836577 0.000000 0.003906
KycTuk_lictva01.bmp
  0 -2.326599 -4.309999 3.508495 -0.539585 0.094797 -0.836577 0.000000 0.003906
  0 9.793398 -17.700003 10.598491 0.388105 0.917612 0.085801 0.000000 0.996094
  0 -0.956603 -3.340000 -6.521505 -0.551095 -0.497395 -0.669994 0.496094 0.003906
KycTuk_lictva01.bmp
  0 5.483394 0.319997 -16.221508 0.599974 0.529777 0.599473 0.992188 0.003906
  0 -0.956603 -3.340000 -6.521505 0.615895 0.593595 0.517995 0.496094 0.003906
  0 15.913389 -15.450006 -12.711510 0.624281 0.644281 0.441787 0.992188 0.996094
KycTuk_lictva01.bmp
  0 15.913389 -15.450006 -12.711510 0.624281 0.644281 0.441787 0.992188 0.996094
  0 -0.956603 -3.340000 -6.521505 0.615895 0.593595 0.517995 0.496094 0.003906
  0 11.923393 -17.530005 -1.511508 0.613458 0.705652 0.354576 0.496094 0.996094
KycTuk_lictva01.bmp
  0 -18.536583 11.080009 24.908497 0.209391 -0.365484 0.906960 0.000000 0.996094
  0 -6.806595 4.280003 5.838495 0.357395 0.414594 -0.836888 0.000000 0.003906
  0 -1.416592 13.440000 6.308492 0.648096 -0.487597 0.584996 0.496094 0.003906
KycTuk_lictva01.bmp
  0 -1.416592 13.440000 6.308492 0.648096 -0.487597 0.584996 0.496094 0.003906
  0 -6.806595 4.280003 5.838495 0.357395 0.414594 -0.836888 0.000000 0.003906
  0 -18.536583 11.080009 24.908497 0.209391 -0.365484 0.906960 0.000000 0.996094
KycTuk_lictva01.bmp
  0 -1.416592 13.440000 6.308492 -0.029900 -0.969891 0.241698 0.496094 0.003906
  0 -3.216577 21.380001 34.728489 -0.121000 0.990300 0.068300 0.992188 0.996094
  0 -11.716580 18.540007 27.698494 0.286708 0.070402 -0.955428 0.496094 0.996094
KycTuk_lictva01.bmp
  0 -11.716580 18.540007 27.698494 0.286708 0.070402 -0.955428 0.496094 0.996094
  0 -3.216577 21.380001 34.728489 -0.121000 0.990300 0.068300 0.992188 0.996094
  0 -1.416592 13.440000 6.308492 -0.029900 -0.969891 0.241698 0.496094 0.003906
KycTuk_lictva01.bmp
  0 -7.476606 -5.229998 -13.861503 0.473601 0.038400 -0.879902 0.000000 0.003906
  0 -10.436609 -15.189996 -14.521501 0.956679 -0.012100 0.290893 0.496094 0.003906
  0 -23.116600 -2.659991 -3.061498 -0.556222 -0.001500 0.831033 0.000000 0.996094
KycTuk_lictva01.bmp
  0 -23.116600 -2.659991 -3.061498 -0.556222 -0.001500 0.831033 0.000000 0.996094
  0 -10.436609 -15.189996 -14.521501 0.956679 -0.012100 0.290893 0.496094 0.003906
  0 -7.476606 -5.229998 -13.861503 0.473601 0.038400 -0.879902 0.000000 0.003906
KycTuk_lictva01.bmp
  0 -21.036600 -20.469990 8.898502 0.195108 -0.935140 0.295713 0.992188 0.996094
  0 -10.436609 -15.189996 -14.521501 -0.250610 -0.966438 0.056502 0.496094 0.003906
  0 -24.096603 -12.499990 -0.301496 0.041600 -0.996500 0.072500 0.496094 0.996094
KycTuk_lictva01.bmp
  0 -24.096603 -12.499990 -0.301496 0.041600 -0.996500 0.072500 0.496094 0.996094
  0 -10.436609 -15.189996 -14.521501 -0.250610 -0.966438 0.056502 0.496094 0.003906
  0 -21.036600 -20.469990 8.898502 0.195108 -0.935140 0.295713 0.992188 0.996094
KycTuk_lictva01.bmp
  0 -3.546606 -2.869999 -14.031504 0.334910 -0.851525 -0.403412 0.000000 0.003906
  0 5.663390 -6.540003 -18.011507 -0.270305 -0.731212 -0.626310 0.496094 0.003906
  0 -5.716606 -19.499996 -0.901502 0.473395 0.275097 0.836791 0.000000 0.996094
KycTuk_lictva01.bmp
  0 -5.716606 -19.499996 -0.901502 0.473395 0.275097 0.836791 0.000000 0.996094
  0 5.663390 -6.540003 -18.011507 -0.270305 -0.731212 -0.626310 0.496094 0.003906
  0 -3.546606 -2.869999 -14.031504 0.334910 -0.851525 -0.403412 0.000000 0.003906
KycTuk_lictva01.bmp
  0 13.583394 -19.270004 3.408491 -0.485796 0.710795 0.508696 0.992188 0.996094
  0 5.663390 -6.540003 -18.011507 0.947082 -0.261895 -0.185597 0.496094 0.003906
  0 4.133392 -21.330000 -1.871505 -0.113403 -0.894421 0.432610 0.496094 0.996094
KycTuk_lictva01.bmp
  0 4.133392 -21.330000 -1.871505 -0.113403 -0.894421 0.432610 0.496094 0.996094
  0 5.663390 -6.540003 -18.011507 0.947082 -0.261895 -0.185597 0.496094 0.003906
  0 13.583394 -19.270004 3.408491 -0.485796 0.710795 0.508696 0.992188 0.996094
KycTuk_lictva01.bmp
  0 -0.236597 8.249999 -1.321507 -0.318698 -0.899095 -0.300098 0.496094 0.003906
  0 15.583411 12.189993 17.378487 0.097602 -0.984219 0.147603 0.000000 0.996094
  0 8.183399 3.889996 -6.251509 -0.859110 0.163102 0.485106 0.000000 0.003906
KycTuk_lictva01.bmp
  0 8.183399 3.889996 -6.251509 -0.859110 0.163102 0.485106 0.000000 0.003906
  0 15.583411 12.189993 17.378487 0.097602 -0.984219 0.147603 0.000000 0.996094
  0 -0.236597 8.249999 -1.321507 -0.318698 -0.899095 -0.300098 0.496094 0.003906
KycTuk_lictva01.bmp
  0 -7.186597 1.270003 2.208496 0.712425 -0.701525 0.017701 0.992188 0.003906
  0 -0.236597 8.249999 -1.321507 0.649004 -0.760704 0.011100 0.496094 0.003906
  0 -1.946586 7.170002 24.948492 0.510297 -0.859996 -0.002100 0.992188 0.996094
KycTuk_lictva01.bmp
  0 -1.946586 7.170002 24.948492 0.510297 -0.859996 -0.002100 0.992188 0.996094
  0 -0.236597 8.249999 -1.321507 0.649004 -0.760704 0.011100 0.496094 0.003906
  0 6.383413 11.169998 21.448488 0.429104 -0.903208 -0.009200 0.496094 0.996094
KycTuk_lictva01.bmp
  0 23.053402 4.599990 4.508484 -0.009700 0.661809 -0.749610 0.992188 0.996094
  0 7.123395 4.809996 -15.751509 -0.351807 -0.032201 -0.935519 0.496094 0.003906
  0 6.073402 10.129996 -3.701510 -0.020999 -0.396582 -0.917759 0.992188 0.003906
KycTuk_lictva01.bmp
  0 6.073402 10.129996 -3.701510 -0.020999 -0.396582 -0.917759 0.992188 0.003906
  0 7.123395 4.809996 -15.751509 -0.351807 -0.032201 -0.935519 0.496094 0.003906
  0 23.053402 4.599990 4.508484 -0.009700 0.661809 -0.749610 0.992188 0.996094
KycTuk_lictva01.bmp
  0 3.453392 -5.230002 -17.081507 -0.203195 0.853980 -0.478989 0.000000 0.003906
  0 7.123395 4.809996 -15.751509 0.356289 0.450186 -0.818774 0.496094 0.003906
  0 21.013391 -11.660008 -10.921512 0.469396 0.389996 -0.792193 0.000000 0.996094
KycTuk_lictva01.bmp
  0 21.013391 -11.660008 -10.921512 0.469396 0.389996 -0.792193 0.000000 0.996094
  0 7.123395 4.809996 -15.751509 0.356289 0.450186 -0.818774 0.496094 0.003906
  0 3.453392 -5.230002 -17.081507 -0.203195 0.853980 -0.478989 0.000000 0.003906
KycTuk_lictva01.bmp
  0 9.933397 6.649994 -13.381510 -0.288602 -0.821006 0.492604 0.496094 0.003906
  0 3.943411 21.269999 7.468490 -0.288602 -0.821006 0.492604 0.000000 0.996094
  0 -3.046593 18.440001 -1.351508 -0.288602 -0.821006 0.492604 0.496094 0.996094
KycTuk_lictva01.bmp
  0 -3.046593 18.440001 -1.351508 0.075704 0.752143 -0.654637 0.496094 0.996094
  0 9.933397 6.649994 -13.381510 0.075704 0.752143 -0.654637 0.496094 0.003906
  0 -10.506598 13.470003 -7.911504 0.075704 0.752143 -0.654637 0.992188 0.996094
KycTuk_lictva01.bmp
  0 -3.046593 18.440001 -1.351508 0.288602 0.821006 -0.492604 0.496094 0.996094
  0 3.943411 21.269999 7.468490 0.288602 0.821006 -0.492604 0.000000 0.996094
  0 9.933397 6.649994 -13.381510 0.288602 0.821006 -0.492604 0.496094 0.003906
KycTuk_lictva01.bmp
  0 -10.506598 13.470003 -7.911504 -0.075704 -0.752143 0.654637 0.992188 0.996094
  0 9.933397 6.649994 -13.381510 -0.075704 -0.752143 0.654637 0.496094 0.003906
  0 -3.046593 18.440001 -1.351508 -0.075704 -0.752143 0.654637 0.496094 0.996094
KycTuk_lictva01.bmp
  0 -2.846604 8.059999 -19.231506 0.296793 0.499187 -0.814080 0.496094 0.003906
  0 5.933406 22.619997 -7.091511 0.296793 0.499187 -0.814080 0.496094 0.996094
  0 14.783403 17.659992 -6.911514 0.296793 0.499187 -0.814080 0.000000 0.996094
KycTuk_lictva01.bmp
  0 14.783403 17.659992 -6.911514 -0.296793 -0.499187 0.814080 0.000000 0.996094
  0 5.933406 22.619997 -7.091511 -0.296793 -0.499187 0.814080 0.496094 0.996094
  0 -2.846604 8.059999 -19.231506 -0.296793 -0.499187 0.814080 0.496094 0.003906
KycTuk_lictva01.bmp
  0 5.933406 22.619997 -7.091511 -0.345409 0.715019 -0.607816 0.496094 0.996094
  0 -2.846604 8.059999 -19.231506 -0.345409 0.715019 -0.607816 0.496094 0.003906
  0 -2.516591 24.290001 -0.331508 -0.345409 0.715019 -0.607816 0.992188 0.996094
KycTuk_lictva01.bmp
  0 -2.516591 24.290001 -0.331508 0.345409 -0.715019 0.607816 0.992188 0.996094
  0 -2.846604 8.059999 -19.231506 0.345409 -0.715019 0.607816 0.496094 0.003906
  0 5.933406 22.619997 -7.091511 0.345409 -0.715019 0.607816 0.496094 0.996094
KycTuk_lictva01.bmp
  0 -21.056601 1.640008 -7.961498 0.637857 -0.733751 0.233984 0.496094 0.003906
  0 -31.646589 0.960014 18.768503 0.637857 -0.733751 0.233984 0.992188 0.996094
  0 -34.896595 -5.229985 8.198506 0.637857 -0.733751 0.233984 0.496094 0.996094
KycTuk_lictva01.bmp
  0 -34.896595 -5.229985 8.198506 -0.637857 0.733751 -0.233984 0.496094 0.996094
  0 -31.646589 0.960014 18.768503 -0.637857 0.733751 -0.233984 0.992188 0.996094
  0 -21.056601 1.640008 -7.961498 -0.637857 0.733751 -0.233984 0.496094 0.003906
KycTuk_lictva01.bmp
  0 -21.056601 1.640008 -7.961498 -0.704978 0.260692 -0.659580 0.496094 0.003906
  0 -19.846607 -10.029992 -13.871497 -0.704978 0.260692 -0.659580 0.000000 0.003906
  0 -35.216602 -15.669985 0.318508 -0.704978 0.260692 -0.659580 0.000000 0.996094
KycTuk_lictva01.bmp
  0 -35.216602 -15.669985 0.318508 0.704978 -0.260692 0.659580 0.000000 0.996094
  0 -19.846607 -10.029992 -13.871497 0.704978 -0.260692 0.659580 0.000000 0.003906
  0 -21.056601 1.640008 -7.961498 0.704978 -0.260692 0.659580 0.496094 0.003906
KycTuk_lictva01.bmp
  0 -20.726601 2.600008 -8.191499 0.841988 0.469193 0.266296 0.496094 0.003906
  0 -27.766590 0.700012 17.388502 0.841988 0.469193 0.266296 0.992188 0.996094
  0 -18.176601 -6.409992 -0.391499 0.841988 0.469193 0.266296 0.992188 0.003906
KycTuk_lictva01.bmp
  0 -20.726601 2.600008 -8.191499 0.952522 0.136803 0.272006 0.496094 0.003906
  0 -27.396589 9.860011 11.488502 0.952522 0.136803 0.272006 0.496094 0.996094
  0 -27.766590 0.700012 17.388502 0.952522 0.136803 0.272006 0.992188 0.996094
KycTuk_lictva01.bmp
  0 -20.726601 2.600008 -8.191499 0.918086 -0.150998 0.366494 0.496094 0.003906
  0 -24.116589 18.660009 6.898499 0.918086 -0.150998 0.366494 0.000000 0.996094
  0 -27.396589 9.860011 11.488502 0.918086 -0.150998 0.366494 0.496094 0.996094
KycTuk_lictva01.bmp
  0 -12.986600 8.640004 -10.201502 0.570826 -0.486622 0.661330 0.000000 0.003906
  0 -24.116589 18.660009 6.898499 0.570826 -0.486622 0.661330 0.000000 0.996094
  0 -20.726601 2.600008 -8.191499 0.570826 -0.486622 0.661330 0.496094 0.003906
KycTuk_lictva01.bmp
  0 -9.046598 20.920002 -15.911505 0.608591 -0.215397 0.763689 0.496094 0.003906
  0 -16.116587 40.370003 -4.801505 0.608591 -0.215397 0.763689 0.992188 0.996094
  0 -21.716587 32.070007 -2.671502 0.608591 -0.215397 0.763689 0.496094 0.996094
KycTuk_lictva01.bmp
  0 -21.716587 32.070007 -2.671502 -0.608591 0.215397 -0.763689 0.496094 0.996094
  0 -16.116587 40.370003 -4.801505 -0.608591 0.215397 -0.763689 0.992188 0.996094
  0 -9.046598 20.920002 -15.911505 -0.608591 0.215397 -0.763689 0.496094 0.003906
KycTuk_lictva01.bmp
  0 -23.866587 24.220009 5.908499 0.703725 0.595421 0.387614 0.000000 0.996094
  0 -9.256596 13.940002 -4.811504 0.703725 0.595421 0.387614 0.000000 0.003906
  0 -9.046598 20.920002 -15.911505 0.703725 0.595421 0.387614 0.496094 0.003906
KycTuk_lictva01.bmp
  0 -9.046598 20.920002 -15.911505 -0.703725 -0.595421 -0.387614 0.496094 0.003906
  0 -9.256596 13.940002 -4.811504 -0.703725 -0.595421 -0.387614 0.000000 0.003906
  0 -23.866587 24.220009 5.908499 -0.703725 -0.595421 -0.387614 0.000000 0.996094
KycTuk_lictva01.bmp
  0 3.133393 -19.730000 -1.061505 -0.311081 0.770654 0.556167 0.496094 0.003906
  0 5.743397 -35.470001 22.208494 -0.311081 0.770654 0.556167 0.992188 0.996094
  0 13.483397 -30.360004 19.458492 -0.311081 0.770654 0.556167 0.496094 0.996094
KycTuk_lictva01.bmp
  0 13.483397 -30.360004 19.458492 0.311081 -0.770654 -0.556167 0.496094 0.996094
  0 5.743397 -35.470001 22.208494 0.311081 -0.770654 -0.556167 0.992188 0.996094
  0 3.133393 -19.730000 -1.061505 0.311081 -0.770654 -0.556167 0.496094 0.003906
KycTuk_lictva01.bmp
  0 3.133393 -19.730000 -1.061505 0.824909 -0.029300 -0.564506 0.496094 0.003906
  0 7.923398 -10.970003 5.478492 0.824909 -0.029300 -0.564506 0.000000 0.003906
  0 19.593401 -22.420006 23.128489 0.824909 -0.029300 -0.564506 0.000000 0.996094
KycTuk_lictva01.bmp
  0 19.593401 -22.420006 23.128489 -0.824909 0.029300 0.564506 0.000000 0.996094
  0 7.923398 -10.970003 5.478492 -0.824909 0.029300 0.564506 0.000000 0.003906
  0 3.133393 -19.730000 -1.061505 -0.824909 0.029300 0.564506 0.496094 0.003906
KycTuk_lictva01.bmp
  0 0.623393 -8.710001 -11.791505 0.377710 0.554514 0.741519 0.496094 0.003906
  0 -16.706602 2.660006 -11.471500 0.377710 0.554514 0.741519 0.000000 0.996094
  0 -15.776603 -6.589993 -5.031500 0.377710 0.554514 0.741519 0.496094 0.996094
KycTuk_lictva01.bmp
  0 -15.776603 -6.589993 -5.031500 -0.377710 -0.554514 -0.741519 0.496094 0.996094
  0 -16.706602 2.660006 -11.471500 -0.377710 -0.554514 -0.741519 0.000000 0.996094
  0 0.623393 -8.710001 -11.791505 -0.377710 -0.554514 -0.741519 0.496094 0.003906
KycTuk_lictva01.bmp
  0 3.993397 -11.760001 1.528493 -0.085296 -0.975852 -0.201090 0.992188 0.003906
  0 -12.676600 -11.469995 7.188499 -0.085296 -0.975852 -0.201090 0.992188 0.996094
  0 0.623393 -8.710001 -11.791505 -0.085296 -0.975852 -0.201090 0.496094 0.003906
KycTuk_lictva01.bmp
  0 0.623393 -8.710001 -11.791505 0.085296 0.975852 0.201090 0.496094 0.003906
  0 -12.676600 -11.469995 7.188499 0.085296 0.975852 0.201090 0.992188 0.996094
  0 3.993397 -11.760001 1.528493 0.085296 0.975852 0.201090 0.992188 0.003906
KycTuk_lictva01.bmp
  0 19.933409 -10.060007 28.008486 0.973230 0.207606 -0.098603 0.992188 0.996094
  0 20.813400 -17.970005 20.018486 0.973230 0.207606 -0.098603 0.496094 0.996094
  0 16.503399 -6.340007 2.028488 0.973230 0.207606 -0.098603 0.496094 0.003906
KycTuk_lictva01.bmp
  0 16.503399 -6.340007 2.028488 -0.973230 -0.207606 0.098603 0.496094 0.003906
  0 20.813400 -17.970005 20.018486 -0.973230 -0.207606 0.098603 0.496094 0.996094
  0 19.933409 -10.060007 28.008486 -0.973230 -0.207606 0.098603 0.992188 0.996094
KycTuk_lictva01.bmp
  0 16.503399 -6.340007 2.028488 -0.969511 0.019100 0.244303 0.496094 0.003906
  0 18.623396 -25.970005 11.978489 -0.969511 0.019100 0.244303 0.000000 0.996094
  0 20.813400 -17.970005 20.018486 -0.969511 0.019100 0.244303 0.496094 0.996094
KycTuk_lictva01.bmp
  0 9.443394 -12.390004 -4.991508 -0.775480 0.216795 0.592985 0.000000 0.003906
  0 18.623396 -25.970005 11.978489 -0.775480 0.216795 0.592985 0.000000 0.996094
  0 16.503399 -6.340007 2.028488 -0.775480 0.216795 0.592985 0.496094 0.003906
KycTuk_lictva01.bmp
  0 17.103401 12.569991 -7.741514 0.119107 0.635637 -0.762745 0.496094 0.003906
  0 36.643398 6.989983 -9.341519 0.119107 0.635637 -0.762745 0.000000 0.996094
  0 17.383394 3.579991 -15.191512 0.119107 0.635637 -0.762745 0.000000 0.003906
KycTuk_lictva01.bmp
  0 17.103401 12.569991 -7.741514 -0.109506 -0.983055 0.147008 0.496094 0.003906
  0 33.603405 12.119985 1.508480 -0.109506 -0.983055 0.147008 0.496094 0.996094
  0 29.643410 14.299988 13.168481 -0.109506 -0.983055 0.147008 0.992188 0.996094
KycTuk_lictva01.bmp
  0 29.643410 14.299988 13.168481 0.109506 0.983055 -0.147008 0.992188 0.996094
  0 33.603405 12.119985 1.508480 0.109506 0.983055 -0.147008 0.496094 0.996094
  0 17.103401 12.569991 -7.741514 0.109506 0.983055 -0.147008 0.496094 0.003906
KycTuk_lictva01.bmp
  0 17.383394 3.579991 -15.191512 -0.119107 -0.635637 0.762745 0.000000 0.003906
  0 36.643398 6.989983 -9.341519 -0.119107 -0.635637 0.762745 0.000000 0.996094
  0 17.103401 12.569991 -7.741514 -0.119107 -0.635637 0.762745 0.496094 0.003906
KycTuk_lictva01.bmp
  0 16.693399 -6.550007 3.358488 -0.717545 -0.579056 0.387071 0.496094 0.003906
  0 32.143406 -12.240011 23.508482 -0.717545 -0.579056 0.387071 0.992188 0.996094
  0 27.533409 -4.060010 27.188482 -0.717545 -0.579056 0.387071 0.496094 0.996094
KycTuk_lictva01.bmp
  0 27.533409 -4.060010 27.188482 0.717545 0.579056 -0.387071 0.496094 0.996094
  0 32.143406 -12.240011 23.508482 0.717545 0.579056 -0.387071 0.992188 0.996094
  0 16.693399 -6.550007 3.358488 0.717545 0.579056 -0.387071 0.496094 0.003906
KycTuk_lictva01.bmp
  0 16.693399 -6.550007 3.358488 -0.037798 0.981862 -0.185793 0.496094 0.003906
  0 8.463404 -5.100003 11.788490 -0.037798 0.981862 -0.185793 0.000000 0.003906
  0 20.113415 -0.160007 34.478481 -0.037798 0.981862 -0.185793 0.000000 0.996094
KycTuk_lictva01.bmp
  0 20.113415 -0.160007 34.478481 0.030099 -0.979781 0.197796 0.000000 0.996094
  0 8.463404 -5.100003 11.788490 0.030099 -0.979781 0.197796 0.000000 0.003906
  0 16.693399 -6.550007 3.358488 0.030099 -0.979781 0.197796 0.496094 0.003906
